
 CHARACTERS IN INTEGER FIELD    =   7
 OUTPUT DISPLAY TYPE            =   E 
 CHARACTERS PER OUTPUT FIELD    =  15
 CHARACTERS AFTER DECIMAL POINT =   5
 LINES PER PAGE                 =1740
 CHARACTERS PER LINE            = 140

 PRINT S    NODAL SOLUTION PER NODE

 *** WARNING ***                         CP =       0.641   TIME= 00:06:05
 The selected element set contains stiffness types (such as SURF154 )    
  which are not valid for error estimation.                              

 *** ANSYS - ENGINEERING ANALYSIS SYSTEM  RELEASE Release 18.2     18.2     ***
 DISTRIBUTED ANSYS Academic Teaching Introductory              

 01055371  VERSION=WINDOWS x64   00:06:05  FEB 19, 2018 CP=      0.641

 Simple Cube--Static Structural (A5)                                           


 
  ***** POST1 NODAL STRESS LISTING *****                                       
 
  LOAD STEP=     1  SUBSTEP=     1                                             
   TIME=    1.0000      LOAD CASE=   0                                         
 
  THE FOLLOWING X,Y,Z VALUES ARE IN GLOBAL COORDINATES                         
 
    NODE       SX             SY             SZ             SXY            SYZ            SXZ     
       1   -0.29565E+000  -0.68985E+000  -0.29565E+000  -0.11608E+000  -0.11328E+000   0.00000E+000
       2   -0.30886E+000  -0.72068E+000  -0.30886E+000  -0.12496E+000   0.11626E+000   0.00000E+000
       3   -0.13779E+000  -0.50691E+000  -0.16442E+000  -0.69115E-001  -0.65817E-001   0.89993E-002
       4   -0.10562E+000  -0.45427E+000  -0.15467E+000  -0.61528E-001  -0.45916E-001  -0.65501E-002
       5   -0.17718E+000  -0.46174E+000  -0.18007E+000  -0.79373E-001  -0.46381E-001  -0.12595E-001
       6   -0.15699E+000  -0.44397E+000  -0.16227E+000  -0.76412E-001  -0.17310E-001   0.10208E-002
       7   -0.15156E+000  -0.44376E+000  -0.17860E+000  -0.73162E-001  -0.12336E-001  -0.13004E-002
       8   -0.14608E+000  -0.43717E+000  -0.15481E+000  -0.74397E-001  -0.29391E-002   0.40399E-002
       9   -0.19432E+000  -0.46476E+000  -0.18487E+000  -0.85009E-001   0.11131E-001  -0.23667E-002
      10   -0.20572E+000  -0.48000E+000  -0.20572E+000  -0.86766E-001   0.23668E-001   0.00000E+000
      11   -0.19256E+000  -0.47900E+000  -0.18607E+000  -0.93526E-001   0.33219E-001  -0.79699E-002
      12   -0.22177E+000  -0.51746E+000  -0.22177E+000  -0.11168E+000   0.59347E-001  -0.80726E-017
      13   -0.22883E+000  -0.56765E+000  -0.21428E+000  -0.10643E+000   0.68641E-001  -0.11697E-001
      14    0.74528E-003  -0.39817E+000   0.70981E-003   0.93320E-003  -0.89773E-003  -0.18790E-003
      15    0.30789E-003  -0.39777E+000   0.81809E-003   0.97457E-003  -0.12478E-002   0.13351E-004
      16    0.75893E-004  -0.39460E+000   0.15217E-002   0.14906E-002  -0.20556E-002   0.51154E-003
      17    0.45990E-003  -0.38934E+000   0.18311E-002   0.16985E-002  -0.25339E-002   0.92105E-003
      18    0.17504E-002  -0.38166E+000   0.73920E-003   0.28066E-002  -0.21559E-002   0.13232E-002
      19    0.25262E-002  -0.37711E+000   0.75586E-003   0.23871E-002  -0.21746E-002   0.11533E-002
      20    0.29760E-002  -0.36560E+000   0.28810E-002   0.20724E-002  -0.16748E-002   0.19945E-002
      21   -0.44135E-003  -0.36567E+000  -0.16459E-002   0.13648E-002   0.41360E-004   0.18989E-002
      22    0.87459E-003  -0.35253E+000   0.96866E-003   0.19772E-002  -0.29496E-004   0.11403E-002
      23   -0.32962E-003  -0.36806E+000  -0.92640E-002  -0.14586E-002   0.87205E-002   0.50808E-003
      24   -0.15202E-001  -0.39082E+000  -0.15345E-001  -0.13291E-001   0.15769E-001  -0.24176E-002
      25   -0.12759E+000  -0.51694E+000  -0.11885E+000  -0.65767E-001   0.61080E-001  -0.16502E-001
      26    0.30911E-003  -0.39861E+000   0.57822E-003   0.56101E-003   0.83012E-003   0.25190E-003
      27    0.40545E-003  -0.39907E+000   0.10797E-002   0.62712E-003   0.12442E-002   0.42276E-003
      28    0.79956E-003  -0.39934E+000   0.24381E-002   0.84273E-003   0.13673E-002   0.63991E-003
      29    0.98541E-003  -0.39939E+000   0.34846E-002   0.80363E-003   0.13925E-002   0.70858E-003
      30    0.70393E-003  -0.39955E+000   0.46052E-002   0.58111E-003   0.12899E-002   0.35741E-003
      31    0.82532E-003  -0.39953E+000   0.53756E-002   0.78535E-003   0.10889E-002  -0.30254E-004
      32    0.14086E-002  -0.39968E+000   0.80417E-002   0.11262E-002   0.28285E-003  -0.43581E-003
      33    0.15444E-002  -0.39896E+000   0.72926E-002   0.14094E-002  -0.75204E-003  -0.28204E-003
      34    0.18428E-002  -0.39838E+000   0.66404E-002   0.17542E-002  -0.16663E-002  -0.34359E-003
      35    0.10439E-002  -0.39911E+000   0.39644E-002   0.12355E-002  -0.16633E-002  -0.22008E-003
      36    0.88371E-003  -0.39906E+000   0.30160E-002   0.85808E-003  -0.13505E-002  -0.16495E-003
      37    0.36135E-003  -0.39883E+000   0.84887E-003   0.77191E-003  -0.11385E-002  -0.16363E-003
      38    0.18835E-003  -0.39793E+000   0.26016E-003   0.11020E-002   0.15100E-002  -0.12205E-003
      39    0.83541E-003  -0.39380E+000   0.11622E-003   0.17453E-002   0.20054E-002  -0.93762E-003
      40    0.10835E-002  -0.39064E+000   0.32815E-003   0.17513E-002   0.17354E-002  -0.73094E-003
      41    0.21368E-002  -0.38424E+000   0.17945E-002   0.13973E-002   0.12274E-002  -0.24292E-003
      42    0.10306E-002  -0.37639E+000   0.25730E-002   0.27325E-002   0.32313E-002  -0.49708E-003
      43    0.32013E-002  -0.37017E+000   0.18329E-002   0.42501E-002   0.39466E-002  -0.22277E-002
      44    0.25740E-002  -0.36504E+000   0.18374E-002   0.26865E-002   0.17878E-002  -0.24485E-002
      45    0.23696E-003  -0.35520E+000   0.13360E-002   0.25301E-002   0.18108E-002  -0.22943E-002
      46    0.47402E-003  -0.37347E+000  -0.32463E-002  -0.36484E-002  -0.46124E-002  -0.51447E-003
      47   -0.14771E-001  -0.39007E+000  -0.16370E-001  -0.10309E-001  -0.19451E-001  -0.48237E-002
      48   -0.80115E-001  -0.48533E+000  -0.91057E-001  -0.48530E-001  -0.53970E-001   0.96546E-002
      49   -0.30769E+000  -0.71794E+000  -0.30769E+000   0.12089E+000   0.11912E+000   0.00000E+000
      50   -0.16972E+000  -0.52605E+000  -0.17177E+000  -0.79072E-001   0.75443E-001  -0.59427E-002
      51   -0.21913E+000  -0.51131E+000  -0.21913E+000  -0.56065E-001   0.92270E-001   0.14825E-017
      52   -0.16321E+000  -0.44215E+000  -0.15370E+000  -0.36557E-001   0.80362E-001   0.23577E-002
      53   -0.21296E+000  -0.49690E+000  -0.21296E+000  -0.26482E-001   0.10803E+000   0.00000E+000
      54   -0.18341E+000  -0.47616E+000  -0.19487E+000  -0.13441E-001   0.10114E+000  -0.59090E-002
      55   -0.18797E+000  -0.47898E+000  -0.19758E+000  -0.15885E-002   0.97150E-001   0.51422E-002
      56   -0.21638E+000  -0.50489E+000  -0.21638E+000   0.13867E-001   0.10197E+000  -0.14568E-017
      57   -0.16744E+000  -0.45589E+000  -0.15975E+000   0.22422E-001   0.77626E-001  -0.17445E-002
      58   -0.21977E+000  -0.51280E+000  -0.21977E+000   0.37747E-001   0.88090E-001   0.00000E+000
      59   -0.18922E+000  -0.49052E+000  -0.21159E+000   0.59382E-001   0.92632E-001  -0.64988E-002
      60   -0.20501E+000  -0.54555E+000  -0.21572E+000   0.74736E-001   0.93723E-001   0.12622E-001
      61    0.56740E-003  -0.39854E+000   0.83260E-003  -0.59555E-003  -0.86075E-003   0.28153E-004
      62    0.34816E-003  -0.39794E+000   0.54470E-003  -0.83128E-003  -0.10268E-002  -0.63930E-004
      63    0.57814E-003  -0.39380E+000   0.99414E-003  -0.10374E-002  -0.13300E-002  -0.59314E-003
      64    0.86408E-003  -0.39078E+000   0.10717E-002  -0.17602E-002  -0.19269E-002  -0.87411E-003
      65    0.25356E-002  -0.38054E+000   0.20395E-002  -0.22813E-002  -0.24545E-002  -0.22566E-002
      66    0.20911E-002  -0.37877E+000   0.15585E-002  -0.27431E-002  -0.27634E-002  -0.15266E-002
      67    0.18496E-002  -0.37136E+000   0.30465E-002  -0.18747E-002  -0.21705E-002  -0.32924E-003
      68   -0.91531E-004  -0.36671E+000   0.25269E-002  -0.13582E-002  -0.21582E-002  -0.44635E-003
      69    0.30652E-002  -0.35483E+000  -0.47503E-003  -0.16713E-002  -0.22793E-002  -0.13812E-002
      70   -0.23120E-002  -0.35980E+000   0.17327E-002   0.14053E-002   0.96205E-003  -0.23201E-002
      71   -0.19784E-001  -0.39173E+000  -0.17577E-001   0.83732E-002   0.17815E-001   0.31177E-002
      72   -0.12240E+000  -0.51483E+000  -0.12639E+000   0.59540E-001   0.60041E-001   0.20260E-001
      73    0.63179E-003  -0.39861E+000   0.71417E-003   0.12123E-002  -0.97414E-003  -0.12034E-003
      74    0.27840E-002  -0.39849E+000   0.13336E-002   0.14880E-002  -0.12669E-002  -0.25641E-003
      75    0.39347E-002  -0.39931E+000   0.14237E-002   0.18523E-002  -0.13618E-002  -0.25428E-003
      76    0.58325E-002  -0.39996E+000   0.81335E-003   0.16134E-002  -0.79154E-003  -0.48996E-003
      77    0.72117E-002  -0.39979E+000   0.10576E-002   0.86480E-003  -0.99709E-003  -0.24991E-003
      78    0.73122E-002  -0.39973E+000   0.10270E-002   0.45074E-003  -0.90128E-003  -0.14597E-003
      79    0.79003E-002  -0.40006E+000   0.11469E-002  -0.87126E-003  -0.95291E-003   0.86434E-004
      80    0.60024E-002  -0.39995E+000   0.14008E-002  -0.13974E-002  -0.98909E-003   0.16501E-004
      81    0.48746E-002  -0.39907E+000   0.14967E-002  -0.12140E-002  -0.11791E-002   0.19199E-003
      82    0.30180E-002  -0.39874E+000   0.12185E-002  -0.13487E-002  -0.12320E-002   0.41550E-003
      83    0.67617E-003  -0.39849E+000   0.91245E-003  -0.87130E-003  -0.10256E-002   0.91118E-004
      84   -0.29708E+000  -0.69318E+000  -0.29708E+000   0.12834E+000  -0.13155E+000   0.00000E+000
      85   -0.17237E+000  -0.52043E+000  -0.17217E+000   0.80299E-001   0.71927E-001   0.83294E-002
      86   -0.22082E+000  -0.51526E+000  -0.22082E+000   0.99984E-001   0.54314E-001  -0.57448E-017
      87   -0.15340E+000  -0.44796E+000  -0.16155E+000   0.82327E-001   0.38329E-001  -0.37220E-002
      88   -0.21309E+000  -0.49721E+000  -0.21309E+000   0.10614E+000   0.22346E-001   0.15180E-017
      89   -0.14896E+000  -0.44073E+000  -0.16513E+000   0.78241E-001   0.87245E-002   0.46787E-002
      90   -0.13087E+000  -0.43401E+000  -0.15936E+000   0.70350E-001  -0.16173E-002  -0.65611E-003
      91   -0.16947E+000  -0.44646E+000  -0.18087E+000   0.79001E-001  -0.32421E-002  -0.66007E-002
      92   -0.14858E+000  -0.44262E+000  -0.15777E+000   0.74618E-001  -0.24830E-001   0.36155E-002
      93   -0.21419E+000  -0.49977E+000  -0.21419E+000   0.91407E-001  -0.34029E-001   0.00000E+000
      94   -0.21270E+000  -0.49598E+000  -0.18996E+000   0.10351E+000  -0.54494E-001  -0.83238E-004
      95   -0.19199E+000  -0.52142E+000  -0.17415E+000   0.99312E-001  -0.84698E-001  -0.88182E-002
      96    0.59175E-003  -0.39874E+000   0.59209E-003  -0.62791E-003   0.62825E-003  -0.36162E-004
      97    0.31370E-003  -0.39836E+000   0.45685E-003  -0.70969E-003   0.77590E-003   0.48087E-004
      98    0.11878E-002  -0.39342E+000   0.11430E-002  -0.85470E-003   0.17300E-002   0.56785E-003
      99    0.11707E-002  -0.39080E+000   0.11444E-002  -0.17433E-002   0.30204E-002   0.92459E-003
     100    0.22156E-002  -0.37859E+000   0.27935E-002  -0.17775E-002   0.38082E-002   0.24523E-002
     101   -0.51821E-003  -0.37973E+000   0.49640E-003  -0.22618E-002   0.35506E-002   0.19922E-002
     102    0.90424E-003  -0.36933E+000   0.13991E-002  -0.19229E-002   0.31090E-002   0.18785E-002
     103    0.20505E-002  -0.36170E+000   0.13886E-002  -0.54596E-003   0.35759E-002   0.24452E-002
     104   -0.16389E-002  -0.36212E+000   0.61295E-003   0.35987E-002   0.17481E-002   0.88713E-003
     105   -0.96399E-002  -0.37036E+000  -0.76772E-002   0.12003E-001  -0.42770E-002   0.11509E-002
     106   -0.28938E-001  -0.40496E+000  -0.18969E-001   0.25073E-001  -0.17376E-001  -0.13576E-002
     107   -0.10937E+000  -0.50597E+000  -0.10897E+000   0.67537E-001  -0.68757E-001  -0.17695E-001
     108    0.60284E-003  -0.39823E+000   0.94756E-003  -0.87583E-003  -0.10473E-002   0.11402E-003
     109    0.80439E-003  -0.39768E+000   0.29794E-002  -0.14997E-002  -0.23022E-002   0.34618E-003
     110    0.75833E-003  -0.39897E+000   0.37522E-002  -0.12313E-002  -0.19678E-002   0.29998E-003
     111    0.13149E-002  -0.39985E+000   0.55974E-002  -0.94206E-003  -0.80186E-003  -0.18522E-003
     112    0.17196E-002  -0.39986E+000   0.71030E-002  -0.85696E-003  -0.41144E-003   0.42664E-004
     113    0.17047E-002  -0.39938E+000   0.77959E-002  -0.11594E-002  -0.70424E-004  -0.22765E-003
     114    0.19820E-002  -0.39986E+000   0.82469E-002  -0.10926E-002   0.75467E-003  -0.46796E-003
     115    0.16888E-002  -0.39895E+000   0.66420E-002  -0.13346E-002   0.10990E-002  -0.44913E-003
     116    0.14977E-002  -0.39935E+000   0.52850E-002  -0.13554E-002   0.15767E-002  -0.44614E-003
     117    0.99869E-003  -0.39884E+000   0.30145E-002  -0.10702E-002   0.15600E-002  -0.45235E-003
     118    0.46851E-003  -0.39883E+000   0.69974E-003  -0.73081E-003   0.80500E-003  -0.13840E-003
     119   -0.18127E+000  -0.54000E+000  -0.19602E+000   0.83645E-001  -0.10192E+000  -0.55169E-002
     120   -0.23941E+000  -0.55862E+000  -0.23941E+000   0.60342E-001  -0.11689E+000  -0.13969E-016
     121   -0.17057E+000  -0.46013E+000  -0.14989E+000   0.41112E-001  -0.72088E-001  -0.38748E-002
     122   -0.14888E+000  -0.44371E+000  -0.13153E+000   0.23418E-001  -0.65914E-001   0.42370E-002
     123   -0.21731E+000  -0.50705E+000  -0.21731E+000   0.48630E-002  -0.99943E-001   0.00000E+000
     124   -0.21731E+000  -0.50705E+000  -0.21731E+000   0.48630E-002  -0.99943E-001   0.00000E+000
     125   -0.15898E+000  -0.44887E+000  -0.13833E+000  -0.84936E-002  -0.76703E-001  -0.10552E-002
     126   -0.21605E+000  -0.50411E+000  -0.21605E+000  -0.19050E-001  -0.94888E-001   0.00000E+000
     127   -0.18767E+000  -0.48024E+000  -0.20314E+000  -0.37449E-001  -0.98600E-001  -0.18646E-002
     128   -0.20580E+000  -0.48020E+000  -0.20580E+000  -0.44777E-001  -0.10217E+000   0.00000E+000
     129   -0.15869E+000  -0.49339E+000  -0.15830E+000  -0.63128E-001  -0.71595E-001   0.32085E-003
     130    0.66093E-003  -0.39872E+000   0.51701E-003  -0.75942E-003   0.71537E-003  -0.62011E-004
     131    0.21802E-002  -0.39821E+000   0.67629E-003  -0.11147E-002   0.95400E-003  -0.96706E-004
     132    0.35743E-002  -0.39870E+000   0.14869E-002  -0.17315E-002   0.13394E-002  -0.22796E-003
     133    0.63780E-002  -0.39919E+000   0.18956E-002  -0.11851E-002   0.11628E-002  -0.34833E-003
     134    0.64839E-002  -0.39886E+000   0.95745E-003  -0.69890E-003   0.14728E-002  -0.18611E-004
     135    0.84069E-002  -0.39892E+000   0.22133E-002   0.33010E-003   0.18014E-002   0.17761E-003
     136    0.68565E-002  -0.39868E+000   0.20370E-002   0.11071E-002   0.17394E-002   0.28276E-003
     137    0.56827E-002  -0.39835E+000   0.21265E-002   0.16226E-002   0.18559E-002   0.47634E-003
     138    0.34753E-002  -0.39917E+000   0.11525E-002   0.18139E-002   0.13972E-002   0.22586E-003
     139    0.27198E-002  -0.39905E+000   0.89474E-003   0.14295E-002   0.82288E-003   0.16488E-003
     140    0.57793E-003  -0.39892E+000   0.62383E-003   0.94123E-003   0.67752E-003   0.10367E-003
     141   -0.14622E+000  -0.37647E+000  -0.14294E+000  -0.30533E-002   0.34076E-002   0.61220E-002
     142   -0.13256E+000  -0.38217E+000  -0.13420E+000  -0.23438E-001   0.73877E-002   0.11013E-002
     143   -0.14169E+000  -0.42017E+000  -0.13573E+000  -0.22615E-001  -0.61974E-001   0.21021E-002
     144   -0.13682E+000  -0.37662E+000  -0.13578E+000   0.33804E-001   0.12948E-001   0.24610E-002
     145   -0.15343E+000  -0.37697E+000  -0.14667E+000  -0.46281E-002  -0.25996E-001  -0.51956E-002
     146   -0.16362E+000  -0.40261E+000  -0.16327E+000   0.46662E-001  -0.16783E-001  -0.56003E-002
     147   -0.14828E+000  -0.37808E+000  -0.13981E+000   0.62736E-002   0.44591E-001   0.55707E-003
     148   -0.14088E+000  -0.38821E+000  -0.13517E+000  -0.21256E-001   0.45796E-001  -0.10799E-003
     149   -0.13557E+000  -0.40331E+000  -0.14100E+000  -0.55651E-001  -0.29439E-001   0.53109E-003
     150   -0.14830E+000  -0.36697E+000  -0.15010E+000  -0.25175E-001  -0.17414E-001   0.43140E-002
     151   -0.13644E+000  -0.40005E+000  -0.13551E+000   0.30992E-001  -0.42922E-001  -0.13687E-002
     152   -0.14316E+000  -0.40641E+000  -0.15284E+000  -0.57633E-001  -0.85527E-002   0.89347E-004
     153   -0.14853E+000  -0.39119E+000  -0.15430E+000   0.53962E-001  -0.35001E-002   0.33569E-002
     154   -0.14219E+000  -0.42616E+000  -0.15266E+000  -0.59302E-001   0.17681E-001  -0.85633E-003
     155   -0.15619E+000  -0.41874E+000  -0.14234E+000   0.14528E-002  -0.55764E-001  -0.12449E-003
     156   -0.16142E+000  -0.37664E+000  -0.16142E+000   0.38743E-002   0.29441E-001  -0.77867E-018
     157   -0.13521E+000  -0.43920E+000  -0.13626E+000  -0.59877E-001   0.52540E-001  -0.50755E-003
     158   -0.16446E+000  -0.43355E+000  -0.16419E+000  -0.56046E-001  -0.65360E-001  -0.14150E-002
     159   -0.16068E+000  -0.38960E+000  -0.14546E+000  -0.19192E-002   0.47254E-001  -0.18908E-002
     160   -0.15192E+000  -0.43019E+000  -0.15089E+000   0.68328E-001  -0.39640E-001  -0.30115E-002
     161   -0.15504E+000  -0.41456E+000  -0.16052E+000   0.70754E-001   0.22929E-001  -0.21872E-002
     162   -0.14170E+000  -0.37908E+000  -0.14361E+000   0.11016E-001  -0.12100E-001   0.54823E-002
     163   -0.13847E+000  -0.37638E+000  -0.14439E+000   0.29871E-001   0.37117E-001  -0.29275E-003
     164   -0.17171E+000  -0.40065E+000  -0.17171E+000   0.23372E-001  -0.28855E-002   0.00000E+000
     165   -0.15392E+000  -0.42418E+000  -0.14222E+000  -0.16732E-001   0.76959E-001  -0.14751E-002
     166   -0.15595E+000  -0.37672E+000  -0.14636E+000   0.10561E-001   0.19233E-001  -0.37374E-002
     167   -0.17255E+000  -0.45006E+000  -0.16920E+000   0.72061E-001   0.59720E-001   0.37126E-003
     168   -0.14398E+000  -0.36745E+000  -0.13384E+000  -0.13195E-001  -0.22448E-001  -0.56850E-003
     169   -0.14445E+000  -0.38058E+000  -0.14987E+000  -0.23233E-001  -0.30621E-001   0.11053E-002
     170   -0.15252E+000  -0.41939E+000  -0.15970E+000   0.67039E-001  -0.16467E-001   0.67476E-002
     171   -0.13481E+000  -0.38935E+000  -0.14364E+000   0.22112E-001  -0.18376E-001   0.16561E-002
     172   -0.16460E+000  -0.46827E+000  -0.16229E+000   0.73504E-001  -0.81644E-001   0.15647E-002
     173   -0.14469E+000  -0.42639E+000  -0.14417E+000   0.36694E-001   0.60372E-001  -0.20686E-002
     174   -0.15641E+000  -0.42491E+000  -0.14632E+000   0.61928E-002   0.72540E-001   0.24046E-003
     175    0.86641E-002  -0.40080E+000   0.84931E-002   0.72877E-004   0.40272E-003  -0.52403E-004
     176    0.60605E-002  -0.40146E+000   0.80316E-002   0.13578E-002  -0.54815E-003  -0.45482E-003
     177    0.49099E-002  -0.40045E+000   0.20190E-002   0.16511E-002   0.19060E-002   0.14165E-003
     178    0.54168E-002  -0.40032E+000   0.71723E-002  -0.16440E-002  -0.86582E-003  -0.27551E-003
     179    0.75204E-002  -0.40107E+000   0.64944E-002  -0.19151E-003   0.12800E-002   0.18606E-004
     180    0.43473E-002  -0.40048E+000   0.64561E-002  -0.17603E-002   0.11215E-002  -0.20592E-003
     181    0.76759E-002  -0.40120E+000   0.45331E-002  -0.11721E-002  -0.19612E-002  -0.56228E-003
     182    0.56299E-002  -0.39980E+000   0.48155E-002   0.13759E-002  -0.18335E-002  -0.25222E-003
     183    0.24587E-002  -0.39961E+000   0.45966E-002   0.14354E-002   0.11656E-002   0.14537E-003
     184    0.59007E-002  -0.40065E+000   0.73391E-002   0.12278E-002   0.86598E-003  -0.56174E-004
     185    0.51901E-002  -0.40019E+000   0.36406E-002  -0.16056E-002   0.17124E-002  -0.18277E-003
     186    0.24579E-002  -0.40039E+000   0.68139E-002   0.14997E-002   0.86328E-003  -0.37155E-003
     187    0.23582E-002  -0.40006E+000   0.70745E-002  -0.12905E-002  -0.10372E-003  -0.27299E-003
     188    0.22668E-002  -0.40021E+000   0.56140E-002   0.18196E-002  -0.14278E-002  -0.22093E-003
     189    0.64415E-002  -0.40086E+000   0.29423E-002  -0.34992E-003   0.16279E-002   0.13187E-004
     190    0.85485E-002  -0.40151E+000   0.79293E-002   0.45884E-003  -0.13718E-002  -0.34848E-003
     191    0.15257E-002  -0.39924E+000   0.21267E-002   0.12671E-002  -0.13616E-002  -0.23371E-003
     192    0.18686E-002  -0.39944E+000   0.18419E-002   0.13027E-002   0.10613E-002   0.19596E-003
     193    0.75554E-002  -0.40033E+000   0.41174E-002   0.65173E-003  -0.22065E-002  -0.32028E-003
     194    0.16955E-002  -0.39896E+000   0.41447E-002  -0.16656E-002   0.17649E-002  -0.17919E-003
     195    0.21788E-002  -0.40005E+000   0.53227E-002  -0.12175E-002  -0.11866E-002  -0.66170E-004
     196    0.83774E-002  -0.40149E+000   0.86417E-002  -0.79453E-003   0.93842E-004   0.78952E-004
     197    0.49918E-002  -0.39991E+000   0.47129E-002  -0.18081E-002  -0.18232E-002  -0.20081E-003
     198    0.56419E-002  -0.40100E+000   0.82200E-002  -0.16686E-002   0.15047E-003  -0.13705E-003
     199    0.66983E-002  -0.39996E+000   0.14611E-002   0.98718E-003  -0.11572E-002  -0.31751E-003
     200    0.77969E-002  -0.40110E+000   0.79868E-002  -0.12064E-002  -0.94674E-003  -0.17630E-003
     201    0.13875E-002  -0.39888E+000   0.16247E-002  -0.14029E-002  -0.16450E-002   0.17776E-003
     202    0.86689E-002  -0.40046E+000   0.73246E-002  -0.27387E-003   0.84206E-003   0.31094E-003
     203    0.58204E-002  -0.40025E+000   0.46958E-002   0.12829E-002   0.13099E-002   0.95198E-004
     204    0.14452E-002  -0.39991E+000   0.62728E-002  -0.13889E-002   0.10619E-002  -0.27222E-003
     205    0.69775E-002  -0.40179E+000   0.67676E-002  -0.10539E-002   0.11592E-002   0.14289E-003
     206    0.13636E-002  -0.39887E+000   0.12445E-002  -0.11390E-002   0.11476E-002  -0.28745E-003
     207    0.47958E-002  -0.39979E+000   0.17593E-002  -0.15456E-002  -0.12468E-002   0.22928E-004
     208    0.71232E-002  -0.40060E+000   0.13397E-002  -0.52407E-003  -0.11314E-002  -0.23442E-003
     209   -0.76816E-002  -0.39177E+000  -0.28344E-002  -0.27783E-003   0.35638E-002   0.16450E-003
     210    0.14104E-002  -0.39668E+000   0.39676E-003   0.18966E-002   0.39101E-002   0.44563E-003
     211   -0.96353E-001  -0.41717E+000  -0.81767E-001  -0.20318E-001  -0.47382E-001  -0.33600E-002
     212    0.28866E-003  -0.38832E+000  -0.11379E-002  -0.25388E-002   0.40874E-002   0.12912E-002
     213   -0.33482E-001  -0.38662E+000  -0.95105E-002   0.71003E-003  -0.35882E-002   0.19868E-002
     214    0.16117E-002  -0.37891E+000  -0.11521E-002   0.25518E-002   0.39927E-002  -0.21535E-002
     215   -0.62064E-002  -0.38025E+000  -0.40051E-002   0.34889E-002   0.23724E-002   0.21439E-002
     216    0.40558E-002  -0.39749E+000   0.39486E-004  -0.10950E-002   0.23535E-002   0.52237E-003
     217    0.15397E-002  -0.39276E+000   0.67616E-003   0.32846E-002   0.23167E-002  -0.49809E-003
     218   -0.57360E-001  -0.40657E+000  -0.25064E-001   0.18572E-001  -0.24718E-001   0.23359E-002
     219    0.13769E-002  -0.39647E+000   0.78578E-003  -0.16282E-002   0.16796E-002   0.29895E-003
     220   -0.23748E-001  -0.38715E+000  -0.98106E-002  -0.53798E-002  -0.34182E-002   0.20855E-003
     221    0.10457E-002  -0.37691E+000  -0.72997E-004  -0.12505E-002   0.35276E-002   0.23907E-002
     222   -0.23717E-001  -0.40312E+000  -0.14734E-001  -0.20703E-001  -0.16474E-001   0.64924E-003
     223    0.38747E-002  -0.39841E+000   0.13041E-002   0.23099E-002   0.24330E-002  -0.83691E-004
     224   -0.10050E-002  -0.38461E+000  -0.95805E-003   0.13360E-002   0.55191E-002   0.68723E-003
     225   -0.11234E+000  -0.42248E+000  -0.82141E-001   0.14520E-002  -0.51782E-001   0.33838E-003
     226    0.15781E-002  -0.39739E+000   0.25049E-003   0.20361E-002   0.14557E-002  -0.20930E-003
     227   -0.15473E-001  -0.38477E+000  -0.85808E-002   0.15729E-001  -0.84835E-002   0.24209E-002
     228   -0.18143E-001  -0.38585E+000  -0.47308E-002  -0.15413E-001  -0.69494E-002   0.45287E-003
     229   -0.48465E-002  -0.38575E+000  -0.36608E-002  -0.22412E-002   0.47684E-002   0.96211E-003
     230    0.15299E-002  -0.38886E+000   0.20856E-003  -0.29725E-002   0.40805E-002   0.12472E-002
     231    0.17162E-002  -0.39018E+000   0.30891E-005   0.43088E-002   0.46063E-002  -0.44352E-003
     232    0.13291E-002  -0.38345E+000   0.10438E-002   0.32843E-002   0.29951E-002  -0.79710E-003
     233    0.73509E-003  -0.39702E+000   0.23255E-003  -0.76525E-003   0.37578E-002   0.30944E-003
     234    0.50667E-002  -0.39900E+000   0.93457E-003   0.17601E-003   0.24453E-002   0.20384E-003
     235    0.40360E-002  -0.39873E+000   0.44038E-003  -0.20236E-002   0.18994E-002   0.21408E-003
     236   -0.60675E-003  -0.37494E+000  -0.37514E-003  -0.16633E-002   0.14403E-002  -0.10261E-002
     237   -0.34094E-002  -0.37946E+000  -0.34498E-002  -0.86091E-003   0.37559E-002   0.20542E-002
     238    0.23771E-002  -0.39589E+000   0.62611E-003  -0.25236E-002   0.28287E-002   0.46910E-003
     239   -0.33638E-002  -0.37214E+000  -0.22173E-002   0.20055E-002   0.29467E-002   0.22110E-002
     240   -0.12260E-001  -0.37863E+000  -0.17358E-002   0.49398E-002  -0.13731E-002   0.86222E-003
     241   -0.91892E-001  -0.45531E+000  -0.86958E-001   0.47988E-001  -0.62210E-001  -0.21672E-002
     242   -0.10829E+000  -0.42876E+000  -0.10055E+000  -0.39903E-001  -0.58130E-001  -0.66223E-002
     243   -0.62910E-002  -0.38236E+000   0.79161E-003  -0.37020E-002   0.39249E-002   0.29148E-003
     244   -0.18305E-002  -0.39393E+000  -0.50574E-002  -0.22289E-002  -0.10125E-002  -0.75782E-003
     245   -0.42228E-003  -0.39164E+000   0.24916E-002  -0.38642E-002  -0.20884E-002  -0.14763E-002
     246   -0.76625E-002  -0.38678E+000  -0.25990E-001   0.25954E-002   0.31095E-002  -0.31516E-002
     247   -0.64980E-003  -0.39226E+000   0.24792E-002  -0.42793E-002   0.31187E-002   0.13360E-002
     248   -0.86134E-002  -0.38560E+000  -0.28024E-001   0.26320E-002  -0.44696E-002   0.31797E-003
     249   -0.38631E-002  -0.38524E+000  -0.28862E-002  -0.16808E-004  -0.28267E-002   0.15469E-002
     250    0.43703E-003  -0.39870E+000   0.44096E-002  -0.31228E-002   0.12981E-002  -0.19849E-003
     251    0.55757E-003  -0.38362E+000  -0.83483E-003  -0.13614E-002   0.54066E-003   0.73897E-004
     252    0.27805E-003  -0.39718E+000   0.35290E-002  -0.20326E-002  -0.26585E-002  -0.72660E-004
     253   -0.73400E-001  -0.41816E+000  -0.80466E-001   0.43687E-001  -0.26504E-001  -0.16581E-002
     254   -0.62761E-001  -0.41993E+000  -0.68220E-001   0.39942E-001   0.31142E-001   0.13090E-002
     255   -0.21485E-003  -0.37845E+000   0.27189E-002  -0.24837E-002   0.19400E-002   0.21445E-002
     256   -0.30794E-001  -0.40211E+000  -0.81497E-001   0.32103E-001   0.46714E-002   0.40944E-003
     257    0.61528E-003  -0.39032E+000   0.13947E-002  -0.33352E-002  -0.37097E-002  -0.12629E-002
     258    0.66129E-003  -0.39605E+000   0.39931E-002  -0.33917E-002  -0.12322E-002  -0.14037E-003
     259    0.57807E-003  -0.39618E+000   0.16707E-002  -0.19524E-002  -0.23551E-002  -0.18181E-003
     260    0.78314E-003  -0.39862E+000   0.46009E-002  -0.23006E-002  -0.89135E-003  -0.31343E-003
     261   -0.17087E-001  -0.38809E+000  -0.12140E-001   0.12362E-001  -0.10078E-001   0.34303E-003
     262    0.35318E-003  -0.38875E+000   0.19288E-002  -0.30905E-002   0.41457E-002   0.14098E-002
     263   -0.42683E-002  -0.39095E+000  -0.36620E-002  -0.23854E-002  -0.74481E-003   0.11730E-002
     264   -0.74215E-001  -0.41305E+000  -0.10180E+000   0.51096E-001   0.19384E-001  -0.12926E-002
     265   -0.65964E-001  -0.41324E+000  -0.99523E-001   0.44742E-001  -0.10904E-001   0.15658E-002
     266   -0.43469E-002  -0.38919E+000  -0.67461E-002  -0.42979E-003   0.83813E-004  -0.33266E-002
     267    0.11425E-002  -0.39557E+000   0.38820E-002  -0.30268E-002   0.34061E-002   0.91864E-004
     268   -0.36214E-003  -0.37905E+000   0.13114E-002  -0.24173E-002  -0.21239E-002  -0.19287E-002
     269   -0.31882E-002  -0.37621E+000  -0.45246E-002  -0.21710E-004   0.17168E-002  -0.99783E-003
     270   -0.36689E-002  -0.38389E+000  -0.99093E-003  -0.24168E-002   0.18507E-002   0.27186E-002
     271    0.10326E-002  -0.39986E+000   0.51718E-002  -0.14835E-002  -0.10088E-002  -0.68834E-004
     272   -0.20974E-003  -0.39340E+000   0.35645E-002  -0.32163E-002   0.14220E-002   0.12108E-003
     273    0.82489E-003  -0.39695E+000   0.16830E-002  -0.14485E-002   0.19983E-002   0.13324E-003
     274   -0.12932E-001  -0.39390E+000  -0.25001E-001   0.72266E-002   0.94238E-002  -0.13554E-002
     275   -0.92671E-002  -0.38778E+000  -0.16849E-001   0.56901E-002  -0.78280E-002  -0.56065E-003
     276   -0.27929E-002  -0.37406E+000   0.10471E-003  -0.10171E-002   0.18648E-002   0.22817E-002
     277   -0.10055E+000  -0.44356E+000  -0.86157E-001   0.66624E-001  -0.51199E-001  -0.10056E-002
     278    0.92937E-003  -0.39852E+000   0.45124E-002  -0.17620E-002   0.20975E-002  -0.11626E-003
     279    0.12030E-002  -0.39971E+000   0.60742E-002  -0.16986E-002   0.65090E-003  -0.42205E-003
     280   -0.65350E-002  -0.39066E+000  -0.40943E-002  -0.82170E-003  -0.41111E-002  -0.34765E-003
     281    0.23119E-003  -0.39494E+000  -0.41255E-003   0.23328E-002  -0.42945E-002   0.88940E-003
     282   -0.35468E-001  -0.39025E+000  -0.15122E-001  -0.39798E-002   0.91803E-002   0.29971E-002
     283    0.61021E-003  -0.39049E+000  -0.10420E-002  -0.23450E-002  -0.40042E-002  -0.15596E-002
     284   -0.25463E-001  -0.39067E+000  -0.11199E-001   0.46776E-003   0.36278E-002   0.45826E-003
     285   -0.63915E-002  -0.38469E+000  -0.44037E-002   0.33423E-002  -0.76574E-003  -0.89955E-003
     286    0.44234E-002  -0.39793E+000   0.53065E-003  -0.89141E-003  -0.24202E-002  -0.56402E-004
     287   -0.32530E-002  -0.37981E+000  -0.33865E-002  -0.10390E-002   0.12643E-002   0.45653E-003
     288    0.32164E-002  -0.39653E+000   0.34053E-003   0.25072E-002  -0.27291E-002   0.75946E-003
     289   -0.82573E-001  -0.41629E+000  -0.69157E-001   0.24997E-001   0.42687E-001  -0.34849E-002
     290   -0.66597E-001  -0.41873E+000  -0.65247E-001  -0.28906E-001   0.43465E-001  -0.11171E-002
     291    0.13097E-002  -0.38028E+000  -0.10782E-003  -0.22038E-002  -0.31928E-002  -0.15179E-002
     292   -0.10030E+000  -0.41132E+000  -0.83120E-001  -0.53524E-002   0.52854E-001   0.41121E-003
     293    0.18892E-002  -0.38761E+000   0.14921E-003   0.30469E-002  -0.26795E-002   0.12753E-002
     294    0.33734E-002  -0.39661E+000   0.11493E-003   0.14591E-002  -0.38921E-002   0.46136E-003
     295    0.15015E-002  -0.39701E+000   0.84069E-003   0.24275E-002  -0.19137E-002   0.27098E-003
     296    0.48799E-002  -0.39839E+000   0.75550E-003   0.11686E-002  -0.21961E-002  -0.81204E-004
     297   -0.12006E-001  -0.38532E+000  -0.11092E-001   0.78311E-002   0.91413E-002   0.26891E-003
     298    0.20557E-002  -0.38967E+000   0.67295E-003  -0.31180E-002  -0.31723E-002  -0.97664E-003
     299   -0.38837E-002  -0.38625E+000  -0.25110E-002   0.12565E-002  -0.99309E-003  -0.65683E-003
     300   -0.94836E-001  -0.40988E+000  -0.64866E-001  -0.19836E-001   0.48536E-001   0.12166E-002
     301   -0.98590E-001  -0.41404E+000  -0.73820E-001   0.82973E-002   0.49865E-001  -0.23835E-003
     302   -0.52532E-002  -0.38738E+000  -0.65218E-002   0.59180E-003  -0.28120E-002   0.10486E-002
     303    0.25475E-002  -0.39724E+000   0.95691E-003  -0.29988E-002  -0.33142E-002  -0.65850E-003
     304    0.12233E-002  -0.38042E+000  -0.19548E-004   0.31538E-002  -0.30759E-002   0.17557E-002
     305   -0.97288E-003  -0.37146E+000  -0.36113E-002  -0.13604E-002   0.37248E-002  -0.71393E-003
     306   -0.73807E-003  -0.38432E+000  -0.22550E-002   0.71016E-003  -0.14455E-002  -0.11435E-002
     307    0.57186E-002  -0.39950E+000   0.77414E-003   0.12003E-002  -0.12771E-002  -0.16168E-003
     308    0.18021E-002  -0.39484E+000  -0.76652E-003  -0.62650E-003  -0.44959E-002  -0.79254E-003
     309    0.12863E-002  -0.39626E+000   0.97967E-003  -0.18878E-002  -0.17078E-002  -0.29180E-003
     310   -0.27796E-001  -0.39364E+000  -0.18157E-001  -0.10006E-001   0.11387E-001  -0.97411E-003
     311   -0.19672E-001  -0.39046E+000  -0.97610E-002   0.50489E-002   0.35792E-002  -0.31087E-003
     312   -0.13620E-002  -0.37448E+000  -0.14259E-002  -0.31465E-003  -0.26386E-002  -0.12667E-002
     313   -0.96065E-001  -0.43698E+000  -0.97014E-001   0.47420E-001   0.54644E-001   0.37601E-002
     314    0.39609E-002  -0.39912E+000   0.10749E-002  -0.17942E-002  -0.16818E-002   0.45812E-005
     315    0.59825E-002  -0.39998E+000   0.78228E-003  -0.37280E-003  -0.13950E-002  -0.13973E-003
     316    0.69054E-003  -0.39379E+000  -0.48337E-002   0.32573E-002  -0.43587E-003   0.72687E-003
     317    0.19397E-003  -0.39644E+000   0.12697E-002   0.41043E-002  -0.20730E-002   0.12311E-003
     318   -0.12760E-001  -0.39359E+000  -0.26289E-001  -0.68703E-002   0.32049E-002   0.94777E-003
     319    0.12603E-004  -0.39277E+000   0.90832E-003   0.36480E-002   0.28600E-002  -0.10270E-002
     320   -0.13146E-001  -0.38921E+000  -0.25268E-001  -0.35813E-002   0.27016E-002   0.12137E-002
     321   -0.47804E-002  -0.38443E+000  -0.57501E-002  -0.42647E-003  -0.48044E-002  -0.23702E-002
     322   -0.14345E-002  -0.38094E+000  -0.31795E-002   0.23877E-002  -0.16091E-002   0.13640E-002
     323    0.57906E-003  -0.39842E+000   0.39119E-002   0.12330E-002   0.18621E-002  -0.89073E-004
     324    0.33690E-003  -0.39408E+000   0.23790E-002   0.31715E-002  -0.35711E-002   0.27808E-003
     325   -0.63494E-001  -0.41268E+000  -0.83187E-001  -0.38119E-001  -0.24162E-001  -0.39143E-002
     326    0.23896E-003  -0.39677E+000   0.16676E-002   0.11596E-002   0.22957E-002   0.29817E-005
     327   -0.16802E-003  -0.38101E+000   0.12821E-002   0.29705E-002   0.29547E-002  -0.14886E-002
     328   -0.85262E-001  -0.41161E+000  -0.10661E+000  -0.51226E-001   0.44851E-002   0.34997E-002
     329    0.12892E-002  -0.39813E+000   0.42216E-002   0.23215E-002  -0.21150E-002  -0.16016E-004
     330   -0.12848E-002  -0.38880E+000  -0.38938E-003   0.25835E-002  -0.25636E-002   0.41012E-003
     331    0.10484E-003  -0.39730E+000   0.19283E-002   0.11955E-002  -0.21894E-002   0.14228E-003
     332   -0.12711E-002  -0.38427E+000   0.52626E-003   0.39185E-002  -0.39259E-002   0.49468E-003
     333   -0.75777E-002  -0.38550E+000  -0.17300E-001  -0.30940E-002  -0.15343E-001  -0.96478E-003
     334   -0.77000E-001  -0.41266E+000  -0.89572E-001  -0.46274E-001   0.18392E-001  -0.28416E-002
     335   -0.18320E-002  -0.38894E+000  -0.38905E-002   0.40115E-002  -0.11525E-003  -0.43225E-003
     336    0.21864E-003  -0.38803E+000   0.98915E-003   0.23301E-002   0.34169E-002  -0.78453E-003
     337   -0.44118E-001  -0.40994E+000  -0.79390E-001  -0.35839E-001  -0.75722E-002   0.28070E-002
     338    0.11048E-003  -0.39770E+000   0.22737E-002   0.32995E-002   0.14905E-002  -0.94716E-004
     339   -0.11595E-001  -0.39163E+000  -0.23116E-001  -0.81841E-002   0.86863E-002   0.24339E-002
     340    0.10120E-002  -0.39937E+000   0.53424E-002   0.20155E-002   0.17963E-003  -0.19858E-003
     341    0.60603E-003  -0.39904E+000   0.35992E-002   0.97126E-003   0.20282E-002   0.38453E-003
     342   -0.61763E-003  -0.38121E+000  -0.40769E-003   0.47411E-002  -0.18934E-003  -0.18136E-002
     343    0.99592E-003  -0.38391E+000   0.17268E-002   0.30867E-002  -0.35433E-002   0.10676E-002
     344   -0.27753E-003  -0.38931E+000  -0.83505E-002   0.32885E-002  -0.18016E-002   0.14812E-002
     345   -0.87187E-001  -0.44229E+000  -0.89887E-001  -0.57372E-001   0.40327E-001  -0.51223E-002
     346    0.12902E-003  -0.39630E+000   0.24772E-002   0.23571E-002   0.30852E-002  -0.45511E-003
     347   -0.13963E-002  -0.37295E+000   0.11033E-002   0.13247E-002  -0.22188E-003  -0.18189E-002
     348   -0.80402E-002  -0.38450E+000  -0.21248E-001  -0.21830E-002  -0.54948E-002  -0.32442E-002
     349   -0.16914E-001  -0.42655E+000  -0.59920E-001  -0.22613E-001  -0.37300E-001   0.39804E-003
     350   -0.32537E-002  -0.37535E+000  -0.71365E-002  -0.31670E-002   0.53049E-002   0.20936E-003
     351   -0.26590E-003  -0.36879E+000   0.15592E-003   0.24819E-002  -0.14393E-002   0.16642E-002
     352   -0.34889E-002  -0.40382E+000  -0.44675E-002   0.23671E-002   0.55354E-003  -0.38113E-004
     353    0.16264E-002  -0.40114E+000   0.31836E-002   0.31183E-002  -0.79163E-003  -0.19749E-003
     354   -0.35572E-001  -0.39453E+000  -0.49803E-001  -0.15971E-001   0.93063E-003   0.75744E-003
     355    0.25654E-003  -0.40038E+000   0.14589E-002  -0.35025E-002   0.41191E-003  -0.10825E-003
     356    0.36611E-003  -0.40271E+000   0.11401E-003   0.99172E-003   0.27721E-002   0.12004E-003
     357   -0.10201E-002  -0.39583E+000  -0.24337E-002   0.26587E-002  -0.27672E-002  -0.13245E-003
     358    0.61718E-002  -0.40280E+000   0.53708E-002  -0.51668E-003  -0.19761E-002  -0.26086E-003
     359   -0.98959E-001  -0.38524E+000  -0.94379E-001  -0.21846E-002  -0.23735E-001  -0.25662E-004
     360   -0.10554E+000  -0.37882E+000  -0.98431E-001   0.44329E-002   0.24118E-001  -0.35118E-003
     361   -0.11380E-001  -0.39558E+000  -0.62026E-002  -0.18100E-002  -0.11804E-002  -0.61851E-003
     362    0.46951E-003  -0.39721E+000   0.66160E-003   0.32907E-002   0.32119E-002  -0.59323E-003
     363    0.18202E-002  -0.39877E+000   0.26010E-002   0.21892E-002  -0.23646E-002  -0.33059E-004
     364    0.17191E-002  -0.39922E+000   0.44053E-002   0.17284E-002   0.16133E-002  -0.62834E-004
     365    0.43831E-002  -0.40022E+000   0.16912E-002   0.16759E-002  -0.27755E-002  -0.10552E-003
     366   -0.72693E-001  -0.39130E+000  -0.69104E-001  -0.23650E-001   0.24547E-001   0.20909E-002
     367   -0.66958E-001  -0.39525E+000  -0.45349E-001   0.13652E-001  -0.28365E-001   0.92933E-003
     368   -0.71808E-001  -0.39218E+000  -0.71547E-001  -0.26222E-001  -0.25093E-001  -0.11533E-002
     369    0.24176E-002  -0.39902E+000   0.17638E-002   0.25072E-002   0.20991E-002   0.20074E-004
     370    0.29556E-002  -0.39973E+000   0.83324E-003  -0.19941E-002   0.29409E-002   0.51475E-003
     371   -0.87184E-001  -0.40474E+000  -0.10635E+000  -0.51533E-001  -0.11650E-001   0.41746E-002
     372   -0.69143E-001  -0.39443E+000  -0.43700E-001  -0.68926E-002  -0.27357E-001   0.32968E-003
     373   -0.24472E-002  -0.39658E+000  -0.17985E-002  -0.19851E-002  -0.16576E-002  -0.17966E-002
     374   -0.24134E-001  -0.39503E+000  -0.52013E-001   0.14201E-001   0.19967E-002   0.42990E-003
     375   -0.95217E-001  -0.38585E+000  -0.67857E-001  -0.62924E-002   0.38129E-001   0.79784E-003
     376    0.27641E-002  -0.40122E+000   0.40395E-002  -0.24541E-002  -0.17734E-002  -0.27962E-003
     377   -0.19782E-002  -0.39388E+000  -0.25612E-002  -0.15354E-002   0.35252E-002   0.14536E-002
     378    0.18623E-002  -0.40033E+000   0.51608E-002  -0.22328E-002  -0.11857E-003  -0.40000E-003
     379    0.75856E-004  -0.38487E+000  -0.12798E-002   0.16840E-002   0.10646E-002  -0.11283E-002
     380   -0.83821E-003  -0.38167E+000  -0.24172E-002   0.16782E-002  -0.10093E-002   0.71802E-003
     381   -0.77644E-001  -0.41070E+000  -0.70148E-001   0.34013E-001  -0.39387E-001  -0.11725E-002
     382   -0.28699E-001  -0.39657E+000  -0.23781E-001   0.11324E-001   0.13844E-001  -0.17567E-002
     383    0.55773E-002  -0.40000E+000   0.18198E-002  -0.16897E-002  -0.13841E-002  -0.30971E-003
     384    0.73296E-003  -0.39866E+000   0.10206E-002   0.12196E-002   0.15162E-002   0.17343E-003
     385    0.30524E-003  -0.39792E+000   0.10154E-002   0.13722E-002  -0.16146E-002  -0.45330E-004
     386   -0.84731E-001  -0.39404E+000  -0.96783E-001   0.38024E-001   0.27336E-001  -0.11938E-003
     387   -0.30986E-002  -0.38378E+000  -0.36932E-002  -0.43049E-002  -0.56470E-002  -0.54746E-003
     388   -0.63246E-001  -0.42155E+000  -0.75123E-001  -0.36739E-001  -0.36330E-001  -0.24997E-002
     389    0.13957E-002  -0.39668E+000   0.13307E-002  -0.28654E-002   0.32865E-002   0.41691E-003
     390   -0.14808E-001  -0.38912E+000  -0.19455E-001  -0.13781E-001   0.15037E-001  -0.72151E-003
     391   -0.76109E-001  -0.39415E+000  -0.88063E-001   0.35735E-001  -0.18110E-001   0.36888E-003
     392   -0.99727E-003  -0.38200E+000   0.12334E-002  -0.12093E-002  -0.17333E-002  -0.72178E-003
     393   -0.97049E-001  -0.40099E+000  -0.12262E+000   0.55425E-001   0.34295E-002   0.33780E-002
     394    0.11363E-002  -0.39933E+000   0.33922E-002  -0.17052E-002  -0.22912E-002   0.12872E-003
     395   -0.15148E-001  -0.39302E+000  -0.13508E-001   0.76906E-002  -0.62365E-002   0.14327E-002
     396    0.24600E-003  -0.37851E+000   0.96647E-003  -0.17089E-002   0.33443E-002   0.13052E-002
     397   -0.12108E+000  -0.48460E+000  -0.11877E+000   0.79085E-001  -0.80245E-001  -0.56118E-002
     398    0.17452E-002  -0.39803E+000   0.13607E-002  -0.26970E-002  -0.29118E-002  -0.51642E-003
     399    0.50918E-002  -0.40235E+000   0.55838E-002  -0.13833E-002   0.51712E-003  -0.12591E-003
     400   -0.10275E-001  -0.39900E+000  -0.13137E-001   0.99161E-003  -0.17853E-002   0.13960E-002
     401   -0.17593E-001  -0.39570E+000  -0.10380E-001   0.84953E-003  -0.11281E-002   0.69946E-003
     402   -0.10692E+000  -0.38234E+000  -0.10925E+000   0.23358E-001  -0.95096E-003   0.20101E-002
     403   -0.48745E-002  -0.39914E+000  -0.25947E-002  -0.53693E-003  -0.29011E-002  -0.24238E-003
     404   -0.25246E-001  -0.39990E+000  -0.20170E-001  -0.36492E-002   0.51913E-002   0.12197E-002
     405    0.46449E-002  -0.40163E+000   0.45512E-002   0.13894E-002   0.15245E-002  -0.11190E-003
     406   -0.11140E+000  -0.36921E+000  -0.11449E+000  -0.31026E-001  -0.17968E-001   0.75093E-003
     407    0.52109E-003  -0.39309E+000   0.13137E-002   0.24890E-002  -0.29034E-002   0.58397E-003
     408   -0.10248E-002  -0.40688E+000  -0.92616E-003   0.29905E-003  -0.10815E-002  -0.77815E-006
     409    0.18794E-002  -0.39994E+000   0.38242E-002  -0.28328E-002   0.22418E-002  -0.67106E-004
     410   -0.32972E-002  -0.39353E+000  -0.80564E-002   0.20446E-002   0.31303E-005  -0.10899E-002
     411   -0.26435E-002  -0.40555E+000  -0.33772E-002  -0.16773E-002   0.21874E-002   0.75496E-004
     412   -0.23444E-001  -0.40959E+000  -0.24443E-001  -0.19946E-002  -0.24164E-002  -0.26209E-003
     413   -0.10634E+000  -0.39495E+000  -0.93788E-001   0.17413E-001   0.45247E-001  -0.34805E-002
     414    0.84545E-003  -0.39361E+000   0.76730E-003   0.22231E-002   0.24516E-002  -0.41522E-003
     415   -0.45676E-001  -0.39969E+000  -0.48674E-001   0.10214E-001  -0.10362E-001   0.15417E-002
     416    0.67823E-003  -0.39844E+000   0.30495E-002  -0.30154E-002  -0.23230E-002  -0.30177E-003
     417    0.12122E-002  -0.39774E+000   0.60538E-003   0.29786E-002  -0.33721E-002   0.72311E-003
     418    0.50055E-003  -0.38519E+000   0.15234E-003  -0.29116E-002  -0.33792E-002  -0.15565E-002
     419    0.51158E-002  -0.39978E+000   0.69097E-003  -0.12353E-002   0.17197E-002   0.73914E-004
     420   -0.95748E-001  -0.39806E+000  -0.71398E-001  -0.24678E-001   0.43669E-001   0.43557E-003
     421   -0.59568E-003  -0.39200E+000  -0.52697E-003  -0.30977E-002   0.29101E-002   0.15348E-002
     422    0.49153E-002  -0.40162E+000   0.48311E-002   0.19157E-002  -0.25185E-002  -0.17886E-003
     423    0.90786E-003  -0.39903E+000   0.26642E-002   0.12590E-002   0.19164E-002   0.37676E-003
     424   -0.15255E-001  -0.39818E+000  -0.28166E-001  -0.99699E-002  -0.13044E-001  -0.15272E-002
     425    0.50500E-002  -0.40198E+000   0.44596E-002  -0.12809E-002   0.17825E-002  -0.83336E-004
     426   -0.85472E-002  -0.39013E+000  -0.18206E-001  -0.40449E-002   0.48131E-002   0.13458E-003
     427    0.62074E-002  -0.40001E+000   0.99026E-003   0.76040E-003  -0.13511E-002  -0.10702E-003
     428    0.53128E-002  -0.40233E+000   0.63162E-002   0.12540E-002   0.23428E-003  -0.35037E-003
     429    0.27870E-002  -0.39877E+000   0.14305E-002  -0.22962E-002   0.19176E-002   0.11355E-003
     430   -0.89133E-001  -0.38236E+000  -0.88776E-001  -0.85759E-002  -0.52975E-002   0.20156E-002
     431   -0.43239E-001  -0.39441E+000  -0.24357E-001   0.34497E-002   0.13989E-001   0.40576E-003
     432   -0.34406E-002  -0.39228E+000  -0.23648E-002   0.41323E-003  -0.25272E-002  -0.17288E-002
     433    0.46057E-002  -0.40064E+000   0.14513E-002  -0.91056E-003  -0.27502E-002  -0.26843E-003
     434   -0.23755E-001  -0.40443E+000  -0.24340E-001   0.40805E-002   0.27369E-002  -0.98993E-003
     435   -0.25757E-001  -0.39650E+000  -0.14727E-001  -0.14201E-001  -0.10716E-001  -0.14489E-002

 MINIMUM VALUES
 NODE          2              2              2              2             84            107
 VALUE    -0.30886E+000  -0.72068E+000  -0.30886E+000  -0.12496E+000  -0.13155E+000  -0.17695E-001

 MAXIMUM VALUES
 NODE        202             22            196             84             49             72
 VALUE     0.86689E-002  -0.35253E+000   0.86417E-002   0.12834E+000   0.11912E+000   0.20260E-001
 ***** ESTIMATED BOUNDS CONSIDERING THE EFFECT OF DISCRETIZATION ERROR *****   

 MINIMUM VALUES
 NODE          2              2              2              1              1              1
 VALUE    -0.51260E+000  -0.92441E+000  -0.51260E+000  -0.33162E+000  -0.32881E+000  -0.21553E+000

 MAXIMUM VALUES
 NODE        349            142            222             49             49              1
 VALUE     0.80529E-001  -0.29497E+000   0.76229E-001   0.32400E+000   0.32222E+000   0.21553E+000
 ***************************************************************************   


 USE LAST SUBSTEP ON RESULT FILE  FOR LOAD CASE 0 

 SET COMMAND GOT LOAD STEP=     1  SUBSTEP=     1  CUMULATIVE ITERATION=     1
   TIME/FREQUENCY=  1.0000    
 TITLE= Simple Cube--Static Structural (A5)                                     

 *GET  MY_MAXNODE  FROM  NODE  ITEM=NUM  MAX   VALUE=  435.000000     

 *GET  MY_MINNODE  FROM  NODE  ITEM=NUM  MIN   VALUE=  1.00000000     

 OPENED FILE= nodeInfo.txt FOR COMMAND FILE DATA 


  COMMAND FILE CLOSED 


 Set Encoding of XML File to:ISO-8859-1

 Set Output of XML File to:
     PARM,     ,     ,     ,     ,     ,     ,     ,     ,     ,     ,     ,
         ,     ,     ,     ,     ,     ,     ,

 DATABASE WRITTEN ON FILE  parm.xml                                                                                                                                                                                                                                                            

 EXIT THE ANSYS POST1 DATABASE PROCESSOR


 ***** ROUTINE COMPLETED *****  CP =         0.656



 PRINTOUT RESUMED BY /GOP

 *GET  _WALLDONE  FROM  ACTI  ITEM=TIME WALL  VALUE= 0.101388889    

 PARAMETER _PREPTIME =     0.000000000    

 PARAMETER _SOLVTIME =     0.000000000    

 PARAMETER _POSTTIME =     0.000000000    

 PARAMETER _TOTALTIM =     0.000000000    

 EXIT ANSYS WITHOUT SAVING DATABASE


 NUMBER OF WARNING MESSAGES ENCOUNTERED=          4
 NUMBER OF ERROR   MESSAGES ENCOUNTERED=          0

+--------- D I S T R I B U T E D   A N S Y S   S T A T I S T I C S ------------+

Release: Release 18.2       Build: 18.2       Update: UP20170726   Platform: WINDOWS x64 
Date Run: 02/19/2018   Time: 00:06     Process ID: 18832
Operating System: Windows 10  (Build: 16299)

Processor Model: Intel(R) Core(TM) i7-7700K CPU @ 4.20GHz

Compiler: Intel(R) FORTRAN Compiler Version 15.0.7  (Build: 20160518)
          Intel(R) C/C++ Compiler Version 15.0.7  (Build: 20160518)
          Intel(R) Math Kernel Library Version 2017.0.2 Product Build 20170126

Number of machines requested            :    1
Total number of cores available         :    8
Number of physical cores available      :    4
Number of processes requested           :    2
Number of threads per process requested :    1
Total number of cores requested         :    2 (Distributed Memory Parallel)               
MPI Type: INTELMPI
MPI Version: Intel(R) MPI Library 5.1.3 for Windows* OS


GPU Acceleration: Not Requested

Job Name: file0
Input File: dummy.dat

  Core                Machine Name   Working Directory
 -----------------------------------------------------
     0             DESKTOP-I12BF91   E:\OneDrive - UNSW\University\Year 4 Semester 2\MMAN4020\GUI Dev\Models\Cube Model\_ProjectScratch\Scr46E
     1             DESKTOP-I12BF91   E:\OneDrive - UNSW\University\Year 4 Semester 2\MMAN4020\GUI Dev\Models\Cube Model\_ProjectScratch\Scr46E
 
Latency time from master to core     1 =    0.824 microseconds
 
Communication speed from master to core     1 =  6949.92 MB/sec

Total CPU time for main thread                    :        1.3 seconds
Total CPU time summed for all threads             :        1.0 seconds

Elapsed time spent pre-processing model (/PREP7)  :        0.0 seconds
Elapsed time spent solution - preprocessing       :        0.0 seconds
Elapsed time spent computing solution             :        0.1 seconds
Elapsed time spent solution - postprocessing      :        0.0 seconds
Elapsed time spent post-processing model (/POST1) :        0.0 seconds
 
Equation solver used                              :            PCG (symmetric)
Equation solver computational rate                :     3230.2 Mflops

Maximum total memory used                         :       89.0 MB
Maximum total memory allocated                    :     3136.0 MB
Total physical memory available                   :         32 GB

+------ E N D   D I S T R I B U T E D   A N S Y S   S T A T I S T I C S -------+
